B@ 0 21702.666016 21702.666016 130033.351852 
A@ 1 3.000000 1890.340088 0.000000 
B@ 2 3.250000 1890.340088 0.000000 
A@ 3 1.500000 1890.340088 0.000000 
C@ 4 0.000000 1890.340088 0.000000 
B@ 5 1882.590088 1890.340088 0.000000 
C@ 6 2.000000 9302.290081 0.000000 
B@ 7 625.329956 9302.290081 0.000000 
C@ 8 2.000000 9302.290081 0.000000 
B@ 9 625.329956 9302.290081 0.000000 
C@ 10 1.000000 9302.290081 0.000000 
B@ 11 1766.810059 9302.290081 0.000000 
C@ 12 5.500000 9302.290081 0.000000 
B@ 13 1771.890137 9302.290081 0.000000 
C@ 14 1.000000 9302.290081 0.000000 
A@ 15 1.500000 9302.290081 0.000000 
A@ 16 101.000000 9302.290081 0.000000 
B@ 17 14.830000 9302.290081 0.000000 
C@ 18 5.000000 9302.290081 0.000000 
B@ 19 8.250000 9302.290081 0.000000 
C@ 20 5.000000 9302.290081 0.000000 
B@ 21 14.830000 9302.290081 0.000000 
C@ 22 5.000000 9302.290081 0.000000 
B@ 23 8.250000 9302.290081 0.000000 
C@ 24 2.500000 9302.290081 0.000000 
B@ 25 5.500000 9302.290081 0.000000 
C@ 26 4.000000 9302.290081 0.000000 
B@ 27 42.080002 9302.290081 0.000000 
C@ 28 5.000000 9302.290081 0.000000 
B@ 29 43.830002 9302.290081 0.000000 
C@ 30 5.000000 9302.290081 0.000000 
B@ 31 232.500000 9302.290081 0.000000 
C@ 32 5.000000 9302.290081 0.000000 
B@ 33 98.110008 9302.290081 0.000000 
C@ 34 5.000000 9302.290081 0.000000 
B@ 35 233.000000 9302.290081 0.000000 
C@ 36 5.000000 9302.290081 0.000000 
B@ 37 93.330002 9302.290081 0.000000 
C@ 38 5.000000 9302.290081 0.000000 
B@ 39 211.750000 9302.290081 0.000000 
C@ 40 5.000000 9302.290081 0.000000 
B@ 41 318.000000 9302.290081 0.000000 
C@ 42 5.000000 9302.290081 0.000000 
B@ 43 272.409973 9302.290081 0.000000 
C@ 44 4.000000 9302.290081 0.000000 
A@ 45 1.500000 9302.290081 0.000000 
A@ 46 101.000000 9302.290081 0.000000 
B@ 47 14.830000 9302.290081 0.000000 
C@ 48 5.000000 9302.290081 0.000000 
B@ 49 8.250000 9302.290081 0.000000 
C@ 50 5.000000 9302.290081 0.000000 
B@ 51 14.830000 9302.290081 0.000000 
C@ 52 5.000000 9302.290081 0.000000 
B@ 53 8.250000 9302.290081 0.000000 
C@ 54 2.500000 9302.290081 0.000000 
B@ 55 5.500000 9302.290081 0.000000 
C@ 56 4.000000 9302.290081 0.000000 
B@ 57 42.080002 9302.290081 0.000000 
C@ 58 5.000000 9302.290081 0.000000 
B@ 59 43.830002 9302.290081 0.000000 
C@ 60 5.000000 9302.290081 0.000000 
B@ 61 195.500000 9302.290081 0.000000 
C@ 62 5.000000 9302.290081 0.000000 
B@ 63 98.110008 9302.290081 0.000000 
C@ 64 5.000000 9302.290081 0.000000 
B@ 65 214.500000 9302.290081 0.000000 
C@ 66 5.000000 9302.290081 0.000000 
B@ 67 93.330002 9302.290081 0.000000 
C@ 68 5.000000 9302.290081 0.000000 
B@ 69 237.000000 9302.290081 0.000000 
C@ 70 5.000000 9302.290081 0.000000 
B@ 71 257.250000 9302.290081 0.000000 
C@ 72 5.000000 9302.290081 0.000000 
B@ 73 272.409973 9302.290081 0.000000 
C@ 74 4.000000 9302.290081 0.000000 
A@ 75 1.500000 9302.290081 0.000000 
A@ 76 101.000000 9302.290081 0.000000 
B@ 77 14.830000 9302.290081 0.000000 
C@ 78 5.000000 9302.290081 0.000000 
B@ 79 8.250000 9302.290081 0.000000 
C@ 80 5.000000 9302.290081 0.000000 
B@ 81 14.830000 9302.290081 0.000000 
C@ 82 5.000000 9302.290081 0.000000 
B@ 83 8.250000 9302.290081 0.000000 
C@ 84 2.500000 9302.290081 0.000000 
B@ 85 5.500000 9302.290081 0.000000 
C@ 86 4.000000 9302.290081 0.000000 
B@ 87 21.080000 9302.290081 0.000000 
C@ 88 5.000000 9302.290081 0.000000 
B@ 89 41.330002 9302.290081 0.000000 
C@ 90 5.000000 9302.290081 0.000000 
B@ 91 79.750000 9302.290081 0.000000 
C@ 92 5.000000 9302.290081 0.000000 
B@ 93 43.870003 9302.290081 0.000000 
C@ 94 5.000000 9302.290081 0.000000 
B@ 95 27.750000 9302.290081 0.000000 
C@ 96 5.000000 9302.290081 0.000000 
B@ 97 30.830002 9302.290081 0.000000 
C@ 98 5.000000 9302.290081 0.000000 
B@ 99 45.500000 9302.290081 0.000000 
C@ 100 5.000000 9302.290081 0.000000 
B@ 101 71.750000 9302.290081 0.000000 
C@ 102 5.000000 9302.290081 0.000000 
B@ 103 50.990005 9302.290081 0.000000 
C@ 104 4.000000 9302.290081 0.000000 
A@ 105 1.500000 9302.290081 0.000000 
A@ 106 0.000000 9302.290081 0.000000 
B@ 107 3.250000 9302.290081 0.000000 
A@ 108 1.500000 9302.290081 0.000000 
C@ 109 424.329987 9302.290081 0.000000 
