229035474641
229035478792
229035478792
229035480989
229035483125
229035483125
229035485017
229035486909
229035486909
229035488740
229035490755
229035492769
229035494600
229035496614
229035496614
229035498628
229035498628
229035501863
229035501863
229035504426
229035506257
229035506257
229035508088
229035510042
229035510042
229035512117
229035512117
229035514192
229035516206
229035516206
229035518037
229035519868
229035521760
229035521760
229035523774
229035525850
229035527864
229035527864
229035529817
229035531648
229035531648
229035533540
229035535371
229035537446
229035537446
229035540376
229035540376
229035543306
229035545381
229035547395
229035547395
229035549409
229035551240
229035551240
229035553071
229035554841
229035554841
229035556794
229035558748
229035560701
229035560701
229035562654
229035564546
229035564546
229035566438
229035568330
229035568330
229035570405
229035572541
229035572541
229035574556
229035574556
229035576631
229035576631
229035579560
229035579560
229035582429
229035584382
229035584382
229035586396
229035588411
229035588411
229035590303
229035590303
229035592134
229035594026
229035595918
229035595918
229035597871
229035597871
229035599763
229035599763
229035601716
229035601716
229035603547
229035605439
229035607270
229035607270
229035609346
229035611482
229035613679
229035613679
229035615815
229035615815
