B@ 0 21303.916016 21303.916016 1930462.153839 
A@ 1 1.000000 1.000000 429.875412 
B@ 2 3.250000 3.250000 28.468040 
A@ 3 1.500000 1.500000 108.749508 
C@ 4 2.000000 2.000000 156.918394 
A@ 5 1.500000 6.250000 0.291565 
A@ 6 1.500000 6.250000 0.291565 
A@ 7 0.000000 6.250000 0.000000 
B@ 8 3.250000 6.250000 0.631723 
A@ 9 0.000000 974.759949 0.000000 
B@ 10 971.259949 974.759949 113.463265 
C@ 11 1.500000 974.759949 0.175231 
C@ 12 2.000000 974.759949 0.233641 
A@ 13 49.500000 56.250000 85.846309 
A@ 14 3.750000 56.250000 6.503508 
A@ 15 1.500000 56.250000 2.601403 
A@ 16 1.500000 56.250000 2.601403 
A@ 17 0.000000 3.250000 0.000000 
B@ 18 3.250000 3.250000 21.178924 
A@ 19 0.000000 3.250000 0.000000 
B@ 20 301.710022 301.710022 172.974689 
C@ 21 1.500000 53.000000 0.591954 
C@ 22 2.000000 53.000000 0.789272 
A@ 23 49.500000 53.000000 19.534480 
A@ 24 3.750000 3.750000 172.974689 
A@ 25 1.500000 309.460022 0.497683 
A@ 26 1.500000 309.460022 0.497683 
A@ 27 0.000000 309.460022 0.000000 
B@ 28 3.250000 309.460022 1.078312 
A@ 29 0.000000 309.460022 0.000000 
B@ 30 301.710022 309.460022 100.103885 
C@ 31 1.500000 309.460022 0.497683 
C@ 32 2.000000 51.500000 1.587564 
A@ 33 49.500000 51.500000 39.292213 
A@ 34 3.750000 5.250000 17.543040 
A@ 35 1.500000 5.250000 7.017216 
A@ 36 1.500000 3519.220185 1.263003 
A@ 37 0.000000 3519.220185 0.000000 
B@ 38 3.250000 3519.220185 2.736506 
A@ 39 0.000000 3519.220185 0.000000 
B@ 40 301.710022 3519.220185 254.040383 
C@ 41 1.500000 3519.220185 1.263003 
C@ 42 0.000000 3519.220185 0.000000 
B@ 43 302.960022 3519.220185 255.092885 
C@ 44 0.000000 3519.220185 0.000000 
A@ 45 49.500000 3519.220185 41.679089 
A@ 46 3.750000 3519.220185 3.157507 
A@ 47 1.500000 3519.220185 1.263003 
A@ 48 1.500000 3519.220185 1.263003 
A@ 49 0.000000 3519.220185 0.000000 
B@ 50 3.250000 3519.220185 2.736506 
A@ 51 0.000000 3519.220185 0.000000 
B@ 52 301.710022 3519.220185 254.040383 
C@ 53 1.500000 3519.220185 1.263003 
C@ 54 2.000000 3519.220185 1.684004 
A@ 55 49.500000 3519.220185 41.679089 
A@ 56 3.750000 3519.220185 3.157507 
A@ 57 1.500000 3519.220185 1.263003 
A@ 58 1.500000 3519.220185 1.263003 
A@ 59 0.000000 3519.220185 0.000000 
B@ 60 3.250000 3519.220185 2.736506 
A@ 61 0.000000 3519.220185 0.000000 
B@ 62 301.710022 3519.220185 254.040383 
C@ 63 1.500000 3519.220185 1.263003 
C@ 64 0.000000 3519.220185 0.000000 
B@ 65 302.960022 3519.220185 255.092885 
C@ 66 0.000000 3519.220185 0.000000 
A@ 67 49.500000 3519.220185 41.679089 
A@ 68 3.750000 3519.220185 3.157507 
A@ 69 1.500000 3519.220185 1.263003 
A@ 70 1.500000 3519.220185 1.263003 
A@ 71 0.000000 3519.220185 0.000000 
B@ 72 3.250000 3519.220185 2.736506 
A@ 73 0.000000 3519.220185 0.000000 
B@ 74 301.710022 3519.220185 254.040383 
C@ 75 1.500000 3519.220185 1.263003 
C@ 76 2.000000 3519.220185 1.684004 
A@ 77 49.500000 3519.220185 41.679089 
A@ 78 3.750000 3519.220185 3.157507 
A@ 79 1.500000 3519.220185 1.263003 
A@ 80 1.500000 3519.220185 1.263003 
A@ 81 0.000000 3519.220185 0.000000 
B@ 82 3.250000 3519.220185 2.736506 
A@ 83 0.000000 3519.220185 0.000000 
B@ 84 301.710022 3519.220185 254.040383 
C@ 85 1.500000 3519.220185 1.263003 
C@ 86 2.000000 3519.220185 1.684004 
A@ 87 49.500000 3519.220185 41.679089 
A@ 88 3.750000 3519.220185 3.157507 
A@ 89 1.500000 3519.220185 1.263003 
A@ 90 1.500000 3519.220185 1.263003 
A@ 91 0.000000 3519.220185 0.000000 
B@ 92 3.250000 3519.220185 2.736506 
A@ 93 0.000000 3519.220185 0.000000 
B@ 94 301.710022 3519.220185 254.040383 
C@ 95 1.500000 3519.220185 1.263003 
C@ 96 0.000000 3519.220185 0.000000 
B@ 97 302.960022 3519.220185 255.092885 
C@ 98 0.000000 3519.220185 0.000000 
A@ 99 49.500000 3519.220185 41.679089 
A@ 100 3.750000 3519.220185 3.157507 
A@ 101 1.500000 3519.220185 1.263003 
A@ 102 0.000000 3519.220185 0.000000 
B@ 103 3.250000 3519.220185 2.736506 
A@ 104 1.500000 3519.220185 1.263003 
C@ 105 423.329987 3519.220185 356.444613 
