89307273354.351852
89307273354.351852
89307273354.351852
89307273354.351852
89307273354.351852
89307274417.111111
89307274417.111111
89307274417.111111
89307274417.111111
89307274417.111111
89307274417.111111
89307274417.111111
89307274417.111111
89307274417.111111
89307274417.111111
89307274417.111111
89307274417.111111
89307274417.111111
89307274417.111111
89307274417.111111
89307274417.111111
89307274417.111111
89307274417.111111
89307274417.111111
89307274417.111111
89307274417.111111
89307274417.111111
89307274417.111111
89307274417.111111
89307274417.111111
89307274417.111111
89307274417.111111
89307274417.111111
89307274417.111111
89307274417.111111
89307274417.111111
89307274417.111111
89307274417.111111
89307274417.111111
89307274417.111111
89307274417.111111
89307274417.111111
89307274417.111111
89307274417.111111
89307274417.111111
89307274417.111111
89307274417.111111
89307274417.111111
89307274417.111111
89307274417.111111
89307274417.111111
89307274417.111111
89307274417.111111
89307274417.111111
89307274417.111111
89307274417.111111
89307273963.055556
89307273963.055556
89307273963.055556
89307273963.055556
89307273963.055556
89307273963.055556
89307273963.055556
89307273963.055556
89307273963.055556
89307273963.055556
89307273963.055556
89307273963.055556
89307273963.055556
89307273963.055556
89307273963.055556
89307273963.055556
89307273963.055556
89307273963.055556
89307273963.055556
89307273963.055556
89307273963.055556
89307273963.055556
89307273963.055556
89307273963.055556
89307273963.055556
89307273963.055556
89307273963.055556
89307273963.055556
89307273963.055556
89307273963.055556
89307273963.055556
89307273963.055556
89307273963.055556
89307273963.055556
89307273963.055556
89307273963.055556
89307273963.055556
89307273963.055556
89307273963.055556
89307273963.055556
89307273963.055556
89307273963.055556
89307273963.055556
89307273963.055556
89307273963.055556
89307273963.055556
89307273963.055556
89307273963.055556
89307273963.055556
89307273963.055556
89307273417.648148
89307273417.648148
