89307273386
89307273386
89307273386
89307273386
89307273386
89307274607
89307274607
89307274607
89307274607
89307274607
89307274607
89307274607
89307274607
89307274607
89307274607
89307274607
89307274607
89307274607
89307274607
89307274607
89307274607
89307274607
89307274607
89307274607
89307274607
89307274607
89307274607
89307274607
89307274607
89307274607
89307274607
89307274607
89307274607
89307274607
89307274607
89307274607
89307274607
89307274607
89307274607
89307274607
89307274607
89307274607
89307274607
89307274607
89307274607
89307274607
89307274607
89307274607
89307274607
89307274607
89307274607
89307274607
89307274607
89307274607
89307274607
89307274607
89307275767
89307275767
89307275767
89307275767
89307275767
89307275767
89307275767
89307275767
89307275767
89307275767
89307275767
89307275767
89307275767
89307275767
89307275767
89307275767
89307275767
89307275767
89307275767
89307275767
89307275767
89307275767
89307275767
89307275767
89307275767
89307275767
89307275767
89307275767
89307275767
89307275767
89307275767
89307275767
89307275767
89307275767
89307275767
89307275767
89307275767
89307275767
89307275767
89307275767
89307275767
89307275767
89307275767
89307275767
89307275767
89307275767
89307275767
89307275767
89307275767
89307275767
89307276804
89307276804
