247478956569.727794
247478958004.455587
247478958218.183381
247478958980.911175
247478959621.638968
247478959621.638968
247478958950.094556
247478959773.822350
247478959773.822350
247478961421.277937
247478961421.277937
247478961299.733524
247478961299.733524
247478961177.189112
247478961177.189112
247478960688.644699
247478961573.372493
247478961573.372493
247478961206.828080
247478962030.555874
247478962030.555874
247478961604.011461
247478962671.739255
247478963556.467049
247478963556.467049
247478963189.922636
247478963189.922636
247478962762.378223
247478963525.106017
247478963525.106017
247478963159.561605
247478964044.289398
247478964044.289398
247478963677.744986
247478964501.472779
247478964501.472779
247478964195.928367
247478964195.928367
247478963890.383954
247478964776.111748
247478964776.111748
247478965019.567335
247478965019.567335
247478965386.022923
247478965386.022923
247478964958.478510
247478964958.478510
247478964469.934097
247478965232.661891
247478965232.661891
247478964744.117479
247478965506.845272
247478965506.845272
247478965690.300860
247478966514.028653
247478966514.028653
247478966147.484241
247478966971.212034
247478966971.212034
247478966604.667622
247478967429.395415
247478967429.395415
247478967123.851003
247478967947.578797
247478967947.578797
247478967581.034384
247478968465.762178
247478968465.762178
247478968160.217765
247478968984.945559
247478968984.945559
247478968984.945559
247478968038.128940
247478968038.128940
247478968404.584527
247478969167.312321
247478969167.312321
247478968739.767908
247478969563.495702
247478969563.495702
247478969135.951289
247478969959.679083
247478969959.679083
247478969471.134670
247478970234.862464
247478970234.862464
247478969746.318052
247478969746.318052
247478969318.773639
247478970081.501433
247478970081.501433
247478969714.957020
247478969714.957020
247478969287.412607
247478970050.140401
247478970050.140401
247478969561.595989
247478970324.323782
247478970324.323782
247478969897.779370
247478969897.779370
247478970080.234957
247478970080.234957
247478970446.690544
247478970446.690544
247478970019.146132
247478970781.873926
247478970781.873926
247478970354.329513
247478971178.057307
247478971178.057307
247478970811.512894
247478970811.512894
247478970933.968481
247478971757.696275
247478971757.696275
247478971391.151862
247478972214.879656
247478972214.879656
247478971848.335244
247478972611.063037
247478972611.063037
247478972184.518625
247478972947.246418
247478972947.246418
247478972580.702006
247478973343.429799
247478973343.429799
247478972854.885387
247478973617.613181
247478973617.613181
247478973617.613181
247478972610.796562
247478972610.796562
247478972610.796562
247478971724.979943
247478972426.707736
247478972426.707736
247478971999.163324
247478971999.163324
247478971510.618911
247478971510.618911
247478971084.074499
247478971084.074499
247478970656.530086
247478970656.530086
247478970656.530086
247478969648.713467
247478969648.713467
247478969221.169054
247478969922.896848
247478969922.896848
247478969434.352436
247478969434.352436
247478968946.808023
247478968946.808023
247478968458.263610
247478968458.263610
247478967969.719198
247478967969.719198
247478967420.174785
247478967420.174785
247478967053.630372
247478967053.630372
247478966626.085960
247478966626.085960
247478966198.541547
247478966198.541547
247478965831.997135
247478965831.997135
247478966076.452722
247478966076.452722
247478966076.452722
247478965373.636103
247478965373.636103
247478965008.091691
247478965008.091691
247478964641.547278
247478964641.547278
247478964275.002865
247478965037.730659
247478965037.730659
247478964671.186246
247478964671.186246
247478964671.186246
247478963481.369628
247478964244.097421
247478964244.097421
247478963755.553009
247478966532.280802
247478967234.008596
247478967234.008596
247478966745.464183
247478966745.464183
247478966256.919771
247478966897.647564
247478966897.647564
247478966348.103152
247478966348.103152
247478965859.558739
247478965859.558739
247478965433.014327
247478965433.014327
247478965433.014327
247478964486.197708
247478964486.197708
247478964852.653295
247478964852.653295
247478964486.108883
247478964486.108883
247478964119.564470
247478964119.564470
247478963692.020057
247478963692.020057
247478963203.475645
247478963203.475645
247478962775.931232
247478962775.931232
247478962348.386819
247478962348.386819
247478961921.842407
247478961921.842407
247478961433.297994
247478961433.297994
247478961005.753582
247478961005.753582
247478960578.209169
247478960578.209169
247478960272.664756
247478960272.664756
247478959845.120344
247478959845.120344
247478959417.575931
247478960241.303725
247478960241.303725
247478959875.759312
247478959875.759312
247478959448.214900
247478959448.214900
247478959081.670487
247478959081.670487
247478959081.670487
247478958134.853868
247478959813.581662
247478960576.309456
247478960576.309456
247478960209.765043
247478960209.765043
247478959721.220630
247478959721.220630
247478959294.676218
247478959294.676218
247478958867.131805
247478958867.131805
247478958805.587393
247478958805.587393
247478958378.042980
247478958378.042980
247478958011.498567
247478958011.498567
247478957583.954155
247478957583.954155
247478957157.409742
247478957981.137536
247478957981.137536
247478957614.593123
247478957614.593123
247478957248.048711
247478957248.048711
247478956881.504298
247478956881.504298
247478956392.959885
247478956392.959885
247478955904.415473
247478955904.415473
247478955476.871060
247478955476.871060
247478955476.871060
247478954470.054441
247478954470.054441
247478954774.510029
247478954774.510029
247478954347.965616
247478954347.965616
247478953920.421203
247478953920.421203
247478953553.876791
247478953553.876791
247478953126.332378
247478953126.332378
247478952698.787966
247478952698.787966
247478953065.243553
247478953065.243553
247478952698.699140
247478952698.699140
247478952393.154728
247478953216.882521
247478954223.610315
247478954803.338109
247478954803.338109
247478954009.793696
247478954406.521490
247478954406.521490
247478953795.977077
247478953795.977077
247478953490.432665
247478954315.160458
247478954315.160458
247478954558.616046
247478954558.616046
247478954558.616046
247478953734.799427
247478954558.527221
247478954558.527221
247478954130.982808
247478954954.710602
247478955778.438395
247478955778.438395
247478955411.893983
247478955411.893983
247478955473.349570
247478956236.077364
247478956236.077364
247478955808.532951
247478956693.260745
247478956693.260745
247478956326.716332
247478957212.444126
247478957212.444126
247478956906.899713
247478957730.627507
247478957730.627507
247478957364.083095
247478958187.810888
247478958187.810888
247478957760.266476
247478958522.994269
247478958522.994269
247478958706.449857
247478958706.449857
247478958706.449857
247478957882.633238
247478958706.361032
247478958706.361032
247478958400.816619
247478959163.544413
247478959163.544413
247478958858.000000
