188984285241
188984288843
188984288843
188984290552
188984292322
188984292322
188984294275
188984296228
188984296228
188984298120
188984300195
188984300195
188984302209
188984304223
188984304223
188984306238
188984308252
188984308252
188984310266
188984312280
188984312280
188984314294
188984316980
188984316980
188984320276
188984320276
188984322412
188984324487
188984326562
188984326562
188984328698
188984330774
188984332727
188984332727
188984334619
188984334619
188984336450
188984336450
188984338281
188984339929
188984341516
188984341516
188984343225
188984344873
188984344873
188984346582
188984346582
188984348291
188984349939
188984349939
188984349939
188984352075
188984354211
188984354211
188984356652
188984358728
188984360742
188984360742
188984362756
188984364709
188984364709
188984368859
188984370751
188984372705
188984374475
188984374475
188984376123
188984376123
188984377771
188984379357
188984379357
188984381005
188984381005
188984382714
188984384301
188984384301
188984386437
188984386437
188984388574
188984390710
188984390710
188984392663
188984394616
188984394616
188984396569
188984398583
188984400598
188984400598
188984402551
188984404321
188984404321
188984406030
188984407739
188984407739
188984409631
188984411645
188984413659
188984415612
188984415612
188984417504
188984417504
188984419396
188984419396
188984421288
188984421288
188984423669
188984423669
188984426171
188984428246
188984430322
188984430322
188984432336
188984434350
188984434350
188984436303
188984438195
188984440087
188984440087
188984442040
188984444116
188984444116
188984446069
188984448083
188984448083
188984449914
188984449914
188984451745
188984453576
188984453576
188984455285
188984456933
188984456933
188984458642
188984458642
188984460717
188984460717
188984460717
188984462731
188984464623
188984464623
188984466393
188984468163
188984469872
188984471642
188984471642
188984473412
188984473412
188984475182
188984476952
188984478783
188984478783
188984480553
188984482323
188984482323
188984483849
188984483849
188984485436
188984486962
188984486962
188984488610
188984490136
188984490136
188984492333
188984494897
188984494897
188984496972
188984498986
188984498986
188984500390
188984501794
188984501794
188984503197
188984505028
188984506982
188984506982
188984508874
188984508874
188984510705
188984510705
188984512292
188984513879
188984513879
188984515465
188984517358
188984519189
188984519189
188984521264
188984523034
188984523034
188984524682
188984524682
188984526818
188984526818
188984529687
188984531701
188984531701
188984533715
188984535729
188984537804
188984537804
188984539879
188984541649
188984543481
188984543481
188984545251
188984547082
188984547082
188984549157
188984551171
188984551171
188984553185
188984553185
188984554955
188984556786
188984556786
188984558556
188984560326
188984560326
188984560326
188984562829
188984562829
188984565331
188984565331
188984567528
188984569481
188984569481
188984571435
188984573571
188984575768
188984577965
188984577965
188984579979
188984581688
188984583397
188984583397
188984585106
188984586876
188984588585
188984588585
188984590294
188984592125
188984592125
188984593956
188984593956
188984595849
188984597741
188984597741
188984600121
188984600121
188984602623
188984604455
188984606225
188984607995
188984607995
188984609765
188984611596
188984611596
188984613366
188984615197
188984617028
188984617028
188984618920
188984618920
188984620751
188984620751
188984622399
188984623986
188984625573
188984625573
188984627282
188984627282
188984629174
188984631127
188984631127
188984632958
188984632958
188984632958
188984634850
188984636925
188984636925
188984639000
188984640831
188984642662
188984642662
188984644432
188984646202
188984647972
188984647972
188984649804
188984651696
188984651696
188984653527
188984655297
188984655297
188984657250
188984657250
188984659081
188984660973
188984660973
188984662926
188984664940
188984664940
188984666893
188984668907
188984668907
188984671532
188984671532
188984674706
188984674706
188984676720
188984678673
188984678673
188984680626
188984682579
188984682579
188984684655
188984686730
188984686730
188984688805
188984690331
188984690331
188984691918
188984691918
188984693444
188984695153
188984695153
188984697045
188984698876
188984698876
188984700768
188984702599
188984702599
188984704552
188984704552
188984707054
188984707054
188984709984
188984709984
188984712486
188984714440
188984714440
188984716271
188984716271
188984718102
188984719933
188984719933
188984721642
188984721642
188984723412
188984723412
188984725121
188984726708
188984726708
188984728295
188984728295
188984729820
188984731407
188984731407
188984733177
188984733177
188984734947
188984736717
188984736717
188984738121
188984739586
188984739586
188984741417
188984741417
188984744225
188984744225
188984746849
188984746849
188984749107
188984751061
188984753014
188984753014
188984754967
188984756676
188984756676
188984758385
188984758385
188984760033
188984761559
188984761559
188984762962
188984764305
188984764305
188984765831
188984767845
188984767845
188984769798
188984769798
188984771751
188984773277
188984773277
188984774742
188984774742
188984776756
188984776756
188984779076
188984781456
188984783165
188984783165
188984784447
188984785789
188984787071
188984788719
188984788719
188984790428
188984792137
188984794029
188984795799
188984795799
188984797569
188984799400
188984801231
188984803062
188984804466
188984805687
188984805687
188984807274
188984807274
188984810265
188984812340
188984812340
188984814537
188984816673
188984818870
188984818870
188984821068
188984823204
188984823204
188984825279
188984827293
188984827293
188984829307
188984831261
188984833153
188984833153
188984835106
188984837120
188984837120
188984839073
188984841087
188984843101
188984843101
188984845665
188984845665
188984848411
188984850853
188984850853
188984853050
188984855064
188984855064
188984856895
188984858482
188984860130
188984860130
188984861656
188984863060
188984863060
188984864403
188984865806
188984867332
188984867332
188984868858
188984870445
188984871971
188984871971
188984873558
188984875145
188984876793
188984876793
188984879112
188984879112
188984881675
188984883568
188984885399
188984885399
188984887047
188984888633
188984888633
188984890098
188984891624
188984891624
188984893150
188984895225
188984897117
188984899070
188984899070
188984900596
188984902061
188984902061
188984903526
188984905235
188984907127
188984909019
188984909019
188984911522
188984911522
188984914146
188984916404
188984918174
188984918174
188984919822
188984921409
188984921409
188984923362
188984925438
188984927513
188984927513
188984929466
188984931358
188984931358
188984933250
188984935142
188984937034
188984937034
188984938926
188984940879
188984940879
188984942772
188984944664
188984946556
188984946556
188984949058
188984949058
188984951683
188984954124
188984954124
188984956260
188984958458
188984958458
188984960594
188984962608
188984964561
188984964561
188984966453
188984968406
188984968406
188984970359
188984972312
188984972312
188984974205
188984974205
188984975852
188984977378
188984977378
188984978965
188984978965
188984980674
188984980674
188984982688
188984984703
188984987510
188984987510
188984991477
188984993858
188984995262
188984995262
188984996726
188984999839
188984999839
188985001304
188985002891
188985002891
188985004234
188985005454
188985006736
188985008079
188985008079
188985009910
188985011680
188985013450
188985013450
188985014854
188985016258
188985016258
188985018272
188985018272
188985020713
188985020713
188985022849
188985024803
188985027061
188985027061
188985029258
188985029258
188985031455
188985033103
188985033103
188985034873
188985034873
188985036704
188985036704
188985038596
188985038596
188985040550
188985042442
188985042442
188985044334
188985046104
188985047874
188985047874
188985049644
188985051597
188985051597
188985054282
188985054282
188985057090
188985057090
188985059348
188985061546
188985063621
188985063621
188985065635
188985067649
188985067649
188985069663
188985071738
188985071738
188985073753
188985075706
188985077781
188985077781
188985079978
188985079978
188985082175
188985084373
188985084373
188985085960
188985087547
188985087547
188985089194
188985090903
188985090903
188985093406
188985093406
188985095908
188985095908
188985098350
188985100425
188985100425
188985102561
188985102561
188985104331
188985104331
188985106101
188985107810
188985107810
188985109580
188985109580
188985111289
188985111289
188985113059
188985113059
188985114829
188985116721
188985116721
188985118552
188985118552
188985120383
188985120383
188985122214
188985122214
188985123984
188985125877
188985125877
188985127708
188985127708
188985130088
188985130088
188985132651
188985132651
188985134788
188985136863
188985136863
188985138938
188985138938
188985140952
188985142966
188985144980
188985146995
188985146995
188985148521
188985150107
188985150107
188985151633
188985151633
188985153464
188985153464
188985155295
188985157065
188985157065
188985158957
188985158957
188985160911
188985160911
188985165549
188985168540
188985168540
188985170920
188985170920
188985173118
188985173118
188985175376
188985177573
188985179709
188985181785
188985183799
188985183799
188985185874
188985187766
188985189658
188985191611
188985193564
188985193564
188985195517
188985195517
188985197471
188985199485
188985199485
188985201316
188985203208
188985205832
188985205832
188985208823
188985208823
188985211081
188985213034
188985213034
188985214805
188985216575
188985216575
188985218284
188985218284
188985220176
188985220176
188985222007
188985223899
188985223899
188985225852
188985225852
188985227866
188985229819
188985229819
188985231650
188985233359
188985233359
188985235007
188985235007
188985236655
188985238120
188985238120
188985239524
188985239524
188985241477
188985241477
188985244162
188985246177
188985248069
188985248069
188985249655
188985251303
188985251303
188985252951
188985254905
188985256858
188985256858
188985258872
188985260581
188985260581
188985261985
188985263388
188985263388
188985264853
188985266440
188985268149
188985268149
188985269797
188985271262
188985271262
188985272727
188985274619
188985276816
188985276816
188985278525
188985278525
188985280173
188985282126
188985284140
188985284140
188985286093
188985287680
188985289267
188985289267
188985290915
188985292624
188985292624
188985294455
188985296286
188985297995
188985297995
188985299704
188985301413
188985303061
188985303061
188985304892
188985304892
188985307212
188985309714
188985309714
188985312338
188985314536
188985316733
188985316733
188985318320
188985319907
188985319907
188985321494
188985323447
188985323447
188985325461
188985327597
188985327597
188985329550
188985331259
188985331259
188985333029
188985334738
188985334738
188985336630
188985336630
188985338583
188985340476
188985340476
188985342307
188985342307
188985344504
188985344504
188985346823
188985346823
188985349387
188985351401
188985351401
188985353354
188985355551
188985357748
188985357748
188985359946
188985361899
188985361899
188985363669
188985365439
188985367148
188985367148
188985368857
188985370566
188985372214
188985372214
188985373740
188985375266
188985376791
188985378561
188985378561
188985381064
188985381064
188985383749
188985383749
188985385580
188985387411
188985389182
188985389182
188985391074
188985392966
188985392966
188985394858
188985396811
188985398703
188985398703
188985400656
188985402609
188985402609
188985404440
188985406332
188985406332
188985408224
188985410117
188985411948
188985411948
188985413779
188985413779
188985416342
188985419272
188985419272
188985421591
188985423422
188985425131
188985425131
188985426901
188985428793
188985430807
188985430807
188985432822
188985434897
188985437094
188985439291
188985439291
188985441489
188985443747
188985443747
188985446005
188985446005
188985448263
188985448263
188985450094
188985450094
188985451681
188985453329
188985453329
188985455832
188985459006
188985461508
188985463644
188985465658
188985465658
188985467734
188985469809
188985471945
188985474142
188985474142
188985476278
188985478415
188985478415
188985480551
188985482626
188985484640
188985484640
188985486593
188985488546
188985490500
188985490500
188985492453
188985494406
188985494406
188985496969
188985496969
188985499716
188985501791
188985503805
188985503805
188985505941
188985508078
188985510214
188985510214
188985512411
188985514547
188985514547
188985516684
188985518759
188985518759
188985520651
188985520651
188985522604
188985524557
188985524557
188985526144
188985527731
188985527731
188985529318
188985529318
188985531088
188985533041
188985533041
188985535543
188985535543
188985538351
188985538351
188985540670
188985542685
188985542685
188985544638
188985546591
188985546591
188985548544
188985550375
188985550375
188985552145
188985553915
188985553915
188985555685
188985555685
188985557333
188985559103
188985560812
188985560812
188985562399
188985562399
188985563925
188985565512
188985565512
188985567160
188985568869
188985568869
188985571249
188985571249
188985574240
188985576925
188985576925
188985579122
188985581076
188985582846
188985582846
188985584738
188985586630
188985586630
188985588583
188985588583
188985590597
188985592550
188985592550
188985594137
188985595785
188985595785
188985597433
188985597433
188985599325
188985601339
188985601339
188985603353
188985603353
188985605306
188985606954
188985606954
188985609213
188985609213
188985612203
188985612203
188985614340
188985614340
188985618551
188985620626
188985620626
188985622701
188985622701
188985624838
188985626669
188985626669
188985628561
188985630514
188985630514
188985632162
188985632162
188985633871
188985635641
188985637228
188985637228
188985638448
188985638448
188985639730
188985639730
188985641012
188985641012
188985641012
188985643148
188985643148
188985645406
188985645406
188985647299
188985649191
188985649191
